1
10.083333335

0
0
0
4
19

0
261.5

0
0
0
4
70

2
8687.5

0
0
1
0
0
0
4
34

1
6.125

0
0
1
3
3

0
0
1
0
0
0
4
25

0
0
1
3
3

0
0
1
1
6.3333333335

0
0
1
1
5.4

0
0
0
0
0
1
0
84

0
64865.5

0
64886.5

0
0
0
0
64869.5

0
64872.5

0
0
1
0
0
0
0
0
1
0
27655.5

0
0
0
0
27635.5

0
0
1
0
0
0
4
15

3
3

0
50.5

5
3

0
0
1
0
0
1
0
0
0
1
5.25

0
0
0
1
4.05

0
0
1
0
0
1
2
1180

0
0
1
1
2.5

0
51

5
4

4
9

1
4.5

0
0
1
0
0
0
5
9

0
0
0
1
4.5

0
0
0
0
0
0
4
9

3
3

0
0
0
1
3.5

5
1

0
0
0
1
5

0
0
0
0
0
0
0
0
0
0
0
1
0
0
0
0
0
0
